P0: 1158.0337370751618 0.0 960.0 0.0 0.0 1158.0337370751618 540.0 0.0 0.0 0.0 1.0 0.0
P1: 1158.0337370751618 0.0 960.0 0.0 0.0 1158.0337370751618 540.0 0.0 0.0 0.0 1.0 0.0
P2: 1158.0337370751618 0.0 960.0 0.0 0.0 1158.0337370751618 540.0 0.0 0.0 0.0 1.0 0.0
P3: 1158.0337370751618 0.0 960.0 0.0 0.0 1158.0337370751618 540.0 0.0 0.0 0.0 1.0 0.0
R0_rect: 1.0 0.0 0.0 0.0 1.0 0.0 0.0 0.0 1.0
Tr_velo_to_cam: 0.0 -1.0 0.0 8.903443813323978e-06 0.0 0.0 -1.0 -0.61200046539306 1.0 0.0 0.0 -0.167926132678985
Tr_imu_to_velo: 1.0 0.0 0.0 -0.9807152450084721 0.0 1.0 0.0 1.980364322662358e-05 0.0 0.0 1.0 -1.96000003814697
